4713 -- 0 1 2 77 73 49 39 155 41 156 40 46 61 167 92 108 83 60 50 44 45 43 51 52 53 47 48 170 168 72 81 82 79 80 78 37 38 35 34 33 30 31 20 23 24 15 161 150 149 137 138 135 139 134 141 6 7 8 9 4 142 152 151 160 14 159 13 22 21 17 29 28 27 26 25 16 18 75 10 76 74 11 12 19 158 32 36 157 42 55 54 58 59 68 66 63 57 64 56 62 65 88 153 91 154 89 90 94 165 163 99 95 86 85 84 71 67 70 87 69 93 166 107 106 105 98 96 97 103 100 101 123 162 102 104 113 164 127 126 125 129 146 145 144 147 148 143 140 130 131 111 132 3 5 133 169 112 110 109 114 115 116 117 119 124 136 128 118 120 121 122 0 
4774 -- 0 3 4 9 5 134 133 169 107 105 165 99 98 100 103 117 124 121 136 129 128 132 111 112 110 109 106 114 113 164 130 137 135 138 140 6 7 8 16 17 22 24 25 148 143 147 139 141 131 127 126 125 119 120 122 162 123 101 102 163 95 94 92 108 166 83 66 64 57 61 65 153 85 84 71 52 58 59 77 2 1 81 80 78 72 82 79 170 49 168 73 74 75 10 76 11 18 19 29 21 30 28 23 27 26 150 161 160 151 14 15 159 13 32 158 31 35 42 41 155 156 40 46 48 51 60 50 37 12 20 36 157 33 34 45 44 47 39 38 55 54 53 43 62 63 56 68 67 69 167 70 87 86 93 91 154 90 89 88 96 97 104 115 116 118 146 145 144 152 142 149 0 
5016 -- 0 1 2 73 77 4 169 110 114 115 117 118 119 124 147 148 161 149 142 152 151 14 22 16 29 30 27 28 26 23 24 159 17 21 32 36 157 35 34 44 43 55 53 54 58 62 63 64 56 57 61 66 89 153 85 84 60 68 69 67 167 93 92 91 165 113 164 127 146 137 139 140 116 120 122 121 123 162 101 103 163 99 100 102 104 105 94 96 95 97 98 90 154 88 86 108 166 107 106 109 126 125 129 128 135 136 145 144 143 141 7 8 9 76 74 75 10 11 12 18 19 20 37 51 59 65 87 70 83 71 50 52 47 39 38 40 45 46 48 49 170 168 78 72 82 79 80 81 112 3 5 133 111 132 131 130 138 134 6 15 25 150 160 13 158 31 33 42 41 155 156 0 
4425 -- 0 2 1 112 132 133 107 106 105 104 115 116 117 118 119 129 136 128 130 135 140 7 9 111 3 4 10 76 74 75 11 12 13 158 32 21 29 30 31 28 27 26 24 25 150 161 160 151 14 159 17 22 23 15 16 18 19 20 37 50 51 59 49 38 45 46 39 156 155 41 34 35 36 157 33 40 43 44 47 52 53 48 168 170 73 81 80 79 78 72 77 82 71 60 67 63 42 55 54 58 57 66 87 70 83 85 84 69 65 64 56 62 61 68 167 86 91 88 153 92 154 89 90 98 95 96 97 163 99 101 123 162 103 100 102 120 122 121 124 146 145 144 143 142 152 149 148 141 6 8 5 169 110 109 108 166 93 94 165 114 113 164 125 147 137 138 139 134 131 127 126 0 
4651 -- 0 5 169 111 112 132 133 3 4 134 131 164 126 125 128 130 7 13 29 31 33 35 34 40 44 46 52 53 43 58 61 86 85 84 69 67 64 56 62 63 54 48 51 170 73 168 78 79 80 2 1 110 109 114 113 115 117 102 103 163 99 101 123 162 122 120 121 129 145 140 142 149 14 32 158 36 157 41 42 55 57 167 70 87 92 93 166 108 83 71 50 59 60 68 66 65 88 153 154 89 90 91 94 96 97 98 95 105 100 119 146 144 143 147 148 161 160 25 150 152 151 17 19 20 22 30 28 27 26 23 24 15 159 16 21 38 155 156 39 45 47 72 82 81 107 106 165 104 127 116 118 124 135 136 137 138 139 141 6 8 9 10 76 74 75 11 12 18 37 49 77 0 
4580 -- 0 80 81 2 1 111 112 132 3 4 110 106 105 98 165 104 108 166 93 83 71 60 50 51 61 68 66 63 55 58 57 62 56 54 43 44 45 168 78 82 79 77 11 12 18 19 157 34 155 41 42 46 48 49 170 73 72 74 75 22 25 150 148 149 161 142 141 131 126 125 135 134 6 152 14 16 21 32 158 36 31 33 30 29 28 27 26 15 159 13 17 23 24 160 151 8 9 5 133 169 113 115 114 109 107 95 94 96 97 164 127 116 118 120 122 123 162 101 100 102 163 99 103 117 119 121 124 129 146 145 144 143 147 137 136 128 130 138 139 140 7 10 76 20 37 38 39 35 156 40 47 52 53 59 67 167 70 69 86 92 91 154 90 89 88 153 87 85 84 64 65 0 
3974 -- 0 3 4 6 7 8 9 2 1 5 133 169 111 110 109 107 106 105 165 163 99 98 95 87 92 93 166 108 83 67 66 63 64 56 54 43 55 58 57 62 68 167 70 69 86 91 154 90 89 88 153 85 51 59 60 61 65 94 96 97 104 127 116 117 118 119 120 103 100 101 102 162 123 122 121 124 146 145 140 141 134 131 113 115 114 84 71 50 170 73 75 11 10 76 74 12 19 22 23 15 159 16 26 27 24 25 150 160 151 152 142 143 144 138 139 164 126 125 129 128 130 135 136 137 147 149 148 161 14 13 18 29 28 30 31 158 32 17 21 20 37 38 39 40 45 47 156 35 36 157 33 34 41 155 42 44 46 52 53 48 49 168 72 78 77 82 79 80 81 132 112 0 
4038 -- 0 3 4 9 10 76 74 75 11 12 18 19 20 36 37 49 170 2 5 112 133 169 132 106 105 165 104 113 116 120 122 121 102 103 117 118 119 124 129 145 143 138 135 136 128 130 131 115 114 164 127 126 125 146 144 147 148 137 139 140 151 21 30 27 26 25 150 149 161 160 152 142 141 134 6 7 8 14 13 29 28 22 23 24 15 159 16 17 32 158 157 31 34 35 33 41 42 155 156 40 46 39 38 44 45 43 55 54 48 51 53 47 52 58 59 168 72 78 82 79 80 81 111 110 109 107 99 100 101 162 123 163 98 90 91 94 96 97 95 92 154 89 88 153 70 69 85 86 93 166 108 83 84 61 68 67 66 63 64 65 56 57 62 167 87 71 60 50 73 77 1 0 
4398 -- 0 81 3 5 133 111 4 14 15 25 150 148 144 143 142 149 161 8 9 76 75 11 12 18 22 23 26 24 160 151 152 141 131 169 112 132 110 109 107 106 105 104 130 136 147 137 138 134 113 125 128 115 116 117 102 164 135 139 6 10 74 19 20 32 158 31 41 42 155 40 45 47 52 53 43 55 54 58 57 62 66 65 88 153 154 89 90 91 87 86 94 96 99 98 100 162 123 101 122 120 121 103 163 95 97 165 114 127 126 118 119 124 129 146 145 140 7 13 17 21 29 27 28 30 159 16 36 157 33 39 38 37 49 170 168 72 78 82 79 80 77 1 2 73 35 34 156 44 46 48 51 59 63 64 56 61 68 67 167 70 92 93 166 108 83 84 69 85 71 60 50 0 
7634 -- 0 43 54 44 45 40 10 76 19 158 157 42 56 64 57 69 85 50 22 24 15 17 32 33 48 82 79 80 81 3 4 9 2 73 74 75 37 166 93 154 89 88 71 51 55 58 59 5 6 8 14 21 36 39 38 170 143 147 162 123 101 100 114 131 132 133 134 7 159 16 111 127 118 124 139 140 148 137 138 108 107 105 97 165 163 99 103 117 102 104 110 109 106 113 164 130 135 136 121 122 94 87 70 67 66 63 62 61 68 84 31 27 28 29 30 41 155 35 34 156 52 53 46 47 26 25 128 115 98 90 91 60 168 72 78 149 161 152 151 65 153 86 49 11 12 23 150 160 142 141 169 112 116 119 120 129 126 125 146 145 144 13 18 20 167 96 95 92 83 77 1 0 
7596 -- 0 4 152 151 7 9 77 170 168 79 80 110 106 163 99 46 47 48 73 126 129 128 132 108 93 94 97 123 101 153 70 69 65 56 42 41 155 158 31 33 52 53 44 40 156 35 36 157 34 43 57 64 55 58 146 145 13 17 29 22 21 37 61 68 71 6 8 14 15 25 161 143 144 137 138 139 134 131 133 76 11 10 74 75 12 2 3 5 169 111 1 81 72 78 82 127 125 136 164 130 113 116 117 118 119 142 16 18 19 20 30 28 27 149 122 121 124 26 24 159 51 59 60 50 38 39 45 49 112 115 162 120 102 107 105 90 91 154 89 88 98 95 96 165 104 135 147 148 140 141 166 92 87 86 85 66 62 167 100 103 114 109 83 84 67 63 54 32 23 150 160 0 
7610 -- 0 12 18 19 20 170 73 74 11 37 38 155 41 27 161 132 133 6 13 39 40 62 61 68 69 85 84 71 1 110 92 91 123 162 124 14 22 21 49 106 105 101 122 129 137 136 138 135 139 141 15 159 16 29 28 30 47 53 43 54 58 59 2 152 142 144 140 7 9 94 96 114 164 3 4 51 48 111 109 93 154 90 87 70 86 168 82 79 80 75 23 24 150 8 5 115 98 95 108 83 60 50 77 78 72 65 89 88 153 166 107 165 97 163 99 100 103 113 130 134 131 127 116 117 120 121 102 67 63 46 52 55 57 167 104 169 81 66 64 56 42 44 45 157 33 34 156 35 31 160 151 17 32 158 36 10 76 26 25 149 148 146 145 143 147 128 126 125 118 119 112 0 
7734 -- 0 1 2 4 7 14 160 150 5 83 74 75 158 32 21 121 120 114 84 60 20 37 49 164 125 137 130 131 169 111 110 109 108 166 127 126 129 145 6 8 13 18 22 29 28 30 155 47 48 115 165 163 90 91 87 94 96 98 88 153 86 97 102 103 118 119 124 128 135 80 81 79 82 71 67 69 65 64 43 44 45 116 117 146 144 9 11 12 19 157 33 36 168 107 106 105 99 92 93 51 39 38 35 34 156 40 73 112 113 104 53 46 52 54 58 68 167 100 162 122 123 101 95 154 89 70 85 15 16 31 41 42 57 62 61 66 63 56 55 59 50 170 77 132 133 134 161 152 151 142 143 148 149 26 27 24 159 17 23 25 147 136 3 10 76 72 78 138 139 140 141 0 
7263 -- 0 116 118 162 102 103 98 70 66 63 62 68 84 11 12 18 21 29 39 40 34 35 157 158 36 49 170 78 82 79 80 4 5 133 134 15 159 16 37 168 72 126 125 109 52 54 58 59 69 85 86 93 92 108 50 38 75 19 32 31 33 156 46 47 139 140 7 8 9 169 110 107 105 97 90 91 94 96 114 130 132 81 60 61 67 167 87 83 71 1 2 3 149 150 161 165 163 99 100 101 123 10 76 22 24 141 6 13 23 26 27 20 111 112 104 113 164 127 117 121 122 145 144 142 152 151 160 14 17 53 55 73 77 115 119 120 124 129 136 128 131 74 30 28 25 148 137 146 143 147 138 135 166 106 95 154 65 64 56 57 89 88 153 51 44 45 43 42 41 155 48 0 
7480 -- 0 3 169 107 99 100 103 117 118 162 122 120 121 145 144 111 109 166 108 5 133 152 151 28 27 155 40 35 157 33 32 23 26 148 147 137 134 6 142 149 141 131 92 91 94 165 114 130 132 112 93 154 89 90 139 140 164 127 125 128 83 60 61 63 54 53 43 44 46 52 75 10 11 18 73 77 110 106 98 95 167 70 66 56 48 51 50 82 79 80 81 7 8 14 20 37 170 74 19 58 57 62 96 123 101 102 163 88 87 85 69 67 64 47 38 36 168 72 68 84 1 2 13 17 22 24 15 25 150 161 160 113 116 119 124 129 115 104 105 97 126 138 135 136 146 143 159 16 21 158 41 42 55 59 65 153 86 71 49 4 9 76 12 39 45 156 34 31 30 29 78 0 
7372 -- 0 1 157 33 30 28 168 72 43 42 41 27 149 138 139 8 18 19 23 24 161 7 82 79 80 81 162 123 130 132 3 4 9 10 76 127 126 125 119 121 102 103 115 116 145 140 159 17 167 87 92 91 35 34 156 155 47 48 77 78 74 75 158 31 32 36 37 2 142 141 134 6 152 151 14 160 150 25 26 15 16 29 22 21 110 107 106 105 95 96 99 100 104 97 98 90 165 114 113 164 135 128 131 133 166 93 38 39 40 55 57 62 68 64 61 69 71 50 53 44 45 65 88 154 89 153 70 94 163 101 122 146 147 136 111 112 118 120 117 124 129 137 148 144 143 13 11 12 20 73 109 108 83 84 66 63 56 54 58 170 49 52 46 51 59 60 67 86 85 5 169 0 
7373 -- 0 106 97 165 164 129 128 113 98 95 94 92 96 127 126 119 120 109 167 70 87 71 61 85 60 10 76 12 20 158 32 29 30 34 35 41 155 40 44 54 58 59 86 99 102 115 116 117 162 123 51 52 43 55 62 63 53 5 134 141 133 169 111 39 46 48 125 118 103 105 163 100 101 122 121 124 6 152 151 13 17 22 21 37 50 77 2 1 110 108 83 84 3 7 14 42 57 56 47 73 74 19 170 4 159 16 23 24 15 161 160 8 78 68 67 107 114 166 93 91 69 66 64 65 90 104 131 132 112 79 82 49 38 25 150 149 148 136 146 145 144 142 143 147 137 130 135 138 139 140 9 80 81 154 89 88 153 75 11 18 36 33 31 28 27 26 157 156 45 168 72 0 
7875 -- 0 43 56 64 98 123 162 120 163 95 94 91 154 89 83 84 86 85 71 61 167 93 92 166 108 50 168 78 82 107 106 105 103 114 76 74 75 28 30 58 65 153 87 51 59 77 1 111 112 110 164 136 129 130 134 113 127 124 128 38 41 42 52 53 37 29 15 159 16 24 160 151 7 9 72 73 19 27 26 23 22 20 49 170 115 104 109 60 68 96 165 116 117 99 90 88 69 67 66 63 54 11 12 18 31 33 155 156 40 48 97 100 102 35 34 44 47 2 5 133 169 39 45 55 57 62 70 101 122 121 3 4 8 14 25 150 161 152 21 32 158 36 157 46 138 135 137 139 141 6 142 126 125 118 119 131 132 143 144 140 10 13 17 149 148 147 146 145 81 80 79 0 
5257 -- 0 4 8 13 24 25 161 152 141 9 2 1 3 10 76 75 11 74 21 29 16 18 19 22 26 23 15 27 28 30 35 34 42 54 58 63 64 57 62 61 66 90 89 88 87 93 91 94 92 154 96 97 163 101 162 122 123 121 120 117 104 114 164 130 132 133 110 109 166 108 83 84 69 65 153 86 85 68 67 167 70 71 60 51 53 47 49 170 168 72 82 78 79 80 81 5 169 111 107 106 105 99 100 102 103 125 124 146 145 144 143 147 137 139 140 6 142 148 149 160 150 151 134 113 126 118 119 98 95 165 115 127 116 128 135 129 136 138 7 14 159 17 20 38 37 12 32 158 31 36 157 33 41 156 39 40 155 44 46 52 43 56 55 45 48 59 50 73 77 112 131 0 
5029 -- 0 73 12 19 21 23 22 26 159 16 17 18 158 32 156 38 39 35 37 34 44 58 62 61 67 65 89 154 88 153 87 69 167 86 85 92 94 96 99 95 98 90 91 106 97 114 127 129 136 138 139 141 131 113 116 117 103 101 162 102 163 100 123 122 135 137 148 161 160 149 147 146 145 143 134 115 104 105 165 110 109 107 164 126 125 118 119 121 120 124 128 130 132 169 112 4 5 133 111 3 10 76 74 75 11 20 36 157 31 30 33 28 24 13 29 27 15 25 150 14 151 152 142 144 140 6 7 8 9 2 1 77 170 49 50 59 60 68 70 93 166 108 83 84 71 51 66 57 63 64 55 56 54 43 45 40 155 41 42 46 47 52 53 48 168 72 78 79 82 80 81 0 
5143 -- 0 110 106 105 99 102 162 123 100 101 117 118 119 120 121 146 145 148 144 143 137 136 125 128 147 131 127 116 129 130 138 135 139 140 141 142 149 161 152 25 23 27 26 24 159 11 19 20 32 30 28 29 21 158 157 155 42 55 54 53 46 47 40 44 45 48 59 50 51 52 43 38 39 156 34 41 33 31 35 36 168 82 79 80 81 109 107 98 94 96 97 165 115 104 114 113 164 126 124 122 103 163 95 91 88 90 154 89 87 70 67 84 69 71 60 61 64 57 65 153 86 108 93 92 166 83 66 63 56 58 62 68 167 85 49 77 1 112 132 6 160 150 151 14 15 16 17 18 37 73 2 4 5 133 134 7 8 9 10 76 74 75 12 13 22 170 72 78 3 169 111 0 
4642 -- 0 78 82 80 81 79 73 170 74 12 13 17 18 19 21 20 37 38 35 34 156 155 41 42 45 46 47 48 49 50 168 72 60 52 43 44 40 39 11 10 76 75 36 33 158 157 31 32 23 26 27 28 30 15 16 22 25 161 152 142 149 148 147 137 129 130 131 164 116 103 163 95 91 86 84 67 63 56 57 62 68 69 65 88 153 89 90 154 94 106 97 98 96 165 104 127 126 125 119 124 128 132 112 133 110 166 92 93 108 83 71 66 64 54 53 55 58 51 59 61 167 70 87 85 107 105 99 102 117 118 121 122 162 123 100 101 120 109 115 114 113 136 146 145 144 143 138 135 139 140 141 134 6 14 151 159 29 24 150 160 7 8 4 5 169 111 3 9 2 1 77 0 
4945 -- 0 3 169 112 132 111 110 109 105 98 97 96 95 94 91 154 90 85 84 86 83 71 73 79 82 72 78 80 81 126 118 103 163 89 88 69 67 167 70 92 93 107 106 165 99 100 117 129 145 144 143 138 135 136 137 147 148 161 160 151 14 16 28 29 30 24 15 25 150 149 152 142 13 22 23 26 27 159 17 21 37 38 39 44 45 40 156 35 34 36 11 10 74 76 75 12 18 19 20 158 32 157 33 31 155 41 42 46 47 52 53 43 51 48 59 60 68 66 64 56 61 63 55 54 58 57 62 65 153 87 166 108 49 170 50 168 77 1 4 9 5 133 134 164 130 115 104 114 125 119 128 139 131 113 127 116 102 162 123 101 122 120 121 124 146 140 141 6 7 8 2 0 
4572 -- 0 110 107 163 99 98 95 96 165 100 103 117 118 102 120 121 122 123 162 101 104 114 113 126 124 128 130 138 139 140 131 116 119 129 146 152 142 149 161 160 151 14 8 10 76 11 12 36 157 33 34 155 41 42 39 38 37 35 156 40 52 53 54 43 44 45 46 47 48 50 49 170 51 55 58 59 61 69 65 89 91 154 88 153 90 85 86 93 92 166 94 106 105 97 115 136 148 147 137 135 134 164 127 125 145 144 143 141 6 9 79 82 80 81 1 111 132 133 169 109 108 83 84 66 63 64 56 57 62 68 67 167 87 70 71 60 168 72 78 73 77 74 75 19 21 29 22 23 26 15 159 13 16 17 18 20 158 32 31 30 28 27 24 25 150 7 2 3 4 5 112 0 
4416 -- 0 3 4 5 169 111 112 132 113 115 117 118 120 121 122 162 123 101 102 163 99 100 103 110 109 108 166 93 92 154 153 88 89 90 95 107 106 105 98 94 96 104 114 128 126 125 124 146 145 140 134 141 7 8 15 25 161 152 151 14 159 13 17 19 37 11 10 74 32 158 36 157 33 31 30 34 35 40 156 41 155 42 55 54 53 43 46 47 50 51 52 58 57 68 167 87 91 97 165 164 127 116 119 129 130 131 133 9 76 12 18 38 39 45 44 48 59 66 63 56 64 65 62 61 67 70 69 85 86 83 84 71 60 168 72 78 82 80 77 49 170 73 75 20 21 22 16 29 23 26 27 28 24 150 160 142 149 148 144 143 147 136 137 135 138 139 6 2 1 79 81 0 
4281 -- 0 132 110 108 166 92 91 89 88 153 86 93 154 90 96 97 95 83 71 50 168 78 3 5 111 112 113 116 117 118 119 120 124 146 145 141 134 115 114 130 135 136 137 138 139 140 6 152 142 144 143 147 148 150 149 161 160 15 16 17 21 29 23 22 24 159 13 32 158 36 157 41 42 155 156 46 59 60 61 63 64 55 54 58 57 62 68 167 70 87 85 84 69 67 66 65 56 43 44 45 72 82 79 80 81 109 107 105 94 106 99 100 102 103 163 98 165 104 164 127 126 125 121 122 123 101 162 129 128 131 133 169 9 4 7 8 14 151 25 26 28 27 30 31 33 34 35 10 76 74 75 11 12 18 19 20 37 38 39 40 48 51 52 53 47 49 170 73 77 1 2 0 
4542 -- 0 109 106 97 95 96 165 114 130 135 134 151 14 15 16 10 76 19 20 73 170 77 1 81 80 79 78 71 61 66 65 64 58 57 62 68 70 67 167 87 86 84 50 59 168 82 2 74 12 18 75 11 13 37 38 40 39 44 45 46 47 48 51 52 53 43 42 41 155 156 34 35 157 31 32 158 36 33 30 28 29 27 26 24 159 17 21 23 22 25 161 160 150 149 148 137 136 131 115 104 99 98 90 89 91 94 92 154 88 153 85 83 69 63 56 55 54 60 49 72 3 5 133 169 112 132 110 108 166 93 107 105 163 100 101 123 162 122 121 120 103 113 116 117 118 119 102 164 127 125 129 128 126 124 146 145 144 140 141 6 152 142 143 147 138 139 7 8 9 4 111 0 
6986 -- 0 152 151 44 43 58 59 37 10 76 25 160 8 2 77 155 156 34 33 31 11 12 18 170 73 1 127 116 117 102 114 110 109 107 106 101 162 120 146 145 144 143 140 7 9 5 169 81 80 79 82 78 39 40 55 53 54 57 62 85 94 164 126 125 103 163 95 165 104 74 75 38 45 52 46 47 48 49 20 158 36 50 51 61 66 153 70 63 64 56 42 41 35 157 30 27 28 29 26 23 15 159 16 17 19 22 24 150 161 142 148 147 129 124 121 122 123 166 71 60 168 72 115 97 99 100 132 133 134 141 3 4 149 137 131 108 84 68 67 167 96 118 119 111 112 113 105 98 92 154 90 91 87 86 93 136 128 130 83 69 65 88 89 135 138 139 6 14 13 32 21 0 
6759 -- 0 117 118 123 101 70 64 56 62 67 167 87 85 35 157 31 26 161 152 21 39 54 58 51 52 47 75 22 25 150 160 10 76 74 11 12 13 29 23 27 28 30 155 41 42 69 93 106 105 100 121 146 145 140 141 134 164 127 126 125 128 131 133 169 1 2 77 38 40 156 34 33 24 15 159 17 158 36 110 165 113 130 132 151 142 149 148 147 137 136 138 32 20 44 45 43 55 59 50 49 53 46 48 72 144 143 129 124 122 162 103 163 90 86 3 4 5 107 98 95 97 114 109 166 96 104 135 139 6 7 8 9 79 81 14 16 18 19 37 60 68 63 57 61 66 65 88 108 83 82 80 115 116 119 120 102 99 94 92 91 154 89 153 84 71 73 170 168 78 111 112 0 
6893 -- 0 19 33 41 155 42 68 85 50 168 72 106 97 165 131 164 127 116 100 101 102 107 105 95 94 166 108 52 53 1 112 115 118 103 114 113 137 147 149 26 27 23 22 51 59 92 163 99 49 38 39 37 20 159 16 21 24 13 17 18 11 12 45 43 54 46 47 60 86 93 89 90 88 153 71 35 157 34 156 44 40 10 76 74 75 29 28 30 31 32 158 36 73 77 110 117 119 120 121 122 123 162 138 135 134 132 111 129 146 145 136 128 130 133 141 8 65 57 62 167 87 91 154 98 96 104 109 83 84 61 67 70 69 66 63 64 56 48 2 3 4 6 7 14 151 160 161 152 143 126 125 124 139 15 25 150 142 148 144 140 9 5 169 170 55 58 78 82 79 80 81 0 
6071 -- 0 83 67 63 64 56 65 153 87 70 86 93 92 103 119 124 115 114 69 66 54 53 149 148 136 146 145 141 9 76 74 23 26 160 142 152 5 169 111 133 6 14 13 29 30 31 34 41 155 156 40 43 57 62 167 71 170 73 2 110 109 107 106 99 98 95 96 97 104 105 165 163 88 85 166 108 91 154 89 90 94 113 125 144 143 147 137 128 131 164 127 126 129 135 138 139 140 116 117 118 102 120 121 122 162 123 101 100 130 134 7 16 17 11 10 75 168 72 82 3 4 8 15 159 22 24 25 150 161 151 59 60 61 68 84 35 36 157 33 28 27 42 46 47 39 38 12 18 19 158 32 21 20 37 45 44 48 49 78 77 1 112 132 51 52 55 58 50 79 80 81 0 
5873 -- 0 71 61 66 65 38 44 45 46 168 110 106 104 109 89 90 98 95 96 99 103 117 118 119 120 122 101 102 114 135 134 131 113 116 162 123 121 124 136 137 130 164 127 125 146 145 143 147 138 6 74 75 25 150 160 151 5 169 111 83 50 52 53 42 54 58 57 62 67 69 86 93 166 108 63 64 56 59 60 10 76 11 12 18 19 26 149 161 152 142 115 105 97 94 92 91 154 88 153 70 85 84 34 35 36 157 28 27 148 144 141 8 14 13 17 32 158 31 30 29 22 23 24 15 159 16 21 20 37 39 40 48 51 43 55 68 167 87 107 165 163 100 129 128 132 3 4 7 33 41 155 156 47 49 170 126 139 140 9 73 77 1 2 112 133 81 80 72 78 82 79 0 
6250 -- 0 110 107 106 105 98 90 89 95 96 99 103 117 119 143 142 14 21 36 38 39 12 13 18 19 20 11 76 74 75 37 170 77 82 78 49 52 47 48 68 67 69 93 94 97 165 114 113 169 112 164 131 127 145 141 115 116 118 100 102 109 108 168 72 43 55 54 66 63 64 65 56 57 62 61 167 163 101 123 162 104 126 125 148 147 128 130 132 166 154 88 153 87 85 79 80 81 111 5 133 134 135 138 139 140 17 22 24 159 16 28 27 26 150 160 8 9 10 158 31 30 33 32 29 23 149 161 152 137 136 129 121 122 120 124 146 144 151 15 25 156 155 41 42 58 70 92 91 86 83 84 71 44 45 34 35 157 40 46 2 3 4 6 7 59 60 50 51 53 73 1 0 
5275 -- 0 38 35 34 156 55 54 67 69 85 106 98 95 94 92 91 90 87 70 63 57 62 61 66 65 42 40 45 52 47 48 51 53 43 58 60 49 168 72 78 79 126 125 108 71 68 86 83 84 167 154 89 88 153 93 166 107 105 165 104 114 127 121 120 122 123 162 103 163 99 96 97 100 101 102 118 119 124 128 115 116 117 130 135 136 137 147 149 161 160 7 10 76 74 11 12 13 21 20 75 19 158 32 31 30 27 28 29 22 159 16 18 37 39 64 56 59 50 82 80 112 132 133 134 131 113 138 139 141 8 4 5 6 152 151 14 15 17 36 157 33 41 155 44 46 170 73 77 2 3 9 1 110 109 164 129 146 145 142 150 25 26 23 24 148 143 144 140 169 111 81 0 
5653 -- 0 127 118 102 162 123 101 122 120 121 136 137 128 134 141 6 8 4 9 74 11 20 32 158 36 37 40 45 43 57 62 64 65 89 90 91 84 60 61 66 63 56 53 48 168 72 39 156 155 41 42 58 68 86 83 69 67 167 70 94 96 99 100 163 98 95 166 108 92 154 88 153 87 85 71 51 52 55 54 93 97 104 110 107 106 114 115 119 124 146 145 144 143 142 152 14 25 26 27 28 30 34 35 31 24 15 159 16 49 73 2 5 133 130 135 138 139 140 147 148 149 150 161 160 151 7 10 76 75 38 46 47 78 82 79 111 112 113 164 126 125 103 105 165 109 12 13 17 29 22 23 21 170 1 116 117 129 131 132 169 3 18 19 157 33 44 59 50 77 80 81 0 
5238 -- 0 127 126 118 119 121 128 135 129 138 139 141 7 14 13 38 39 45 44 46 47 48 59 66 56 57 61 75 11 10 76 74 12 18 22 23 16 17 37 50 51 52 43 55 42 41 155 40 156 34 35 36 157 158 32 21 29 28 30 33 31 27 26 25 150 161 151 152 142 143 131 112 132 133 164 125 146 145 6 8 15 159 19 20 24 160 9 3 4 5 169 113 115 130 136 137 147 149 148 144 140 134 110 109 107 106 97 165 104 105 100 162 123 122 101 90 89 88 86 166 108 83 65 62 85 93 92 94 96 99 102 120 124 103 117 114 116 163 98 95 91 154 153 69 67 63 64 54 53 58 49 82 81 1 2 77 78 72 73 170 168 71 60 68 167 70 87 84 79 80 111 0 
4923 -- 0 170 168 73 51 59 50 49 77 79 80 81 78 82 72 71 60 61 66 153 108 84 167 70 87 83 69 85 86 166 105 104 113 164 127 126 147 137 128 131 130 132 111 112 1 2 3 76 74 75 11 10 19 20 12 18 29 23 24 159 17 158 32 157 33 40 41 42 155 35 34 36 31 28 30 27 26 25 150 149 161 142 144 143 148 136 129 125 146 145 140 141 6 7 14 15 13 22 16 21 37 38 156 39 45 44 48 52 43 54 53 46 47 55 58 62 68 67 63 56 57 64 65 88 93 92 94 89 154 90 91 96 98 123 122 162 101 103 117 119 121 102 163 99 100 118 120 124 135 138 139 134 152 151 160 8 9 4 5 133 169 110 109 107 106 97 95 165 114 115 116 0 
4917 -- 0 1 81 82 79 80 109 107 106 94 91 96 165 105 97 98 95 104 127 130 139 140 6 9 10 74 75 76 20 32 158 29 28 27 25 149 161 151 159 16 17 21 22 26 23 24 15 150 160 14 152 147 148 144 141 134 131 164 126 146 145 143 142 7 8 4 5 133 169 111 112 113 116 117 120 103 102 114 125 119 124 137 136 138 135 115 118 163 99 100 101 162 123 122 121 129 128 132 2 3 110 83 84 71 61 65 62 56 55 54 58 60 49 50 59 170 72 73 168 78 77 11 12 13 18 19 37 36 30 31 33 34 35 157 156 155 41 42 46 48 51 52 44 45 39 38 40 47 53 43 57 68 67 167 87 85 86 93 166 108 92 154 90 89 88 153 70 69 66 63 64 0 
4675 -- 0 3 5 169 132 133 4 111 112 116 120 121 124 122 123 103 163 99 98 94 96 97 95 165 104 114 109 107 106 105 113 115 130 138 135 137 129 131 164 127 118 102 162 101 100 117 119 128 126 125 146 145 152 142 143 144 140 8 25 150 161 160 7 151 14 21 20 37 35 36 157 34 155 41 42 44 45 47 46 48 52 53 43 55 54 58 57 64 62 63 56 61 66 65 70 67 167 87 92 154 90 110 108 166 93 91 88 89 153 60 51 59 68 69 85 86 83 84 71 50 72 73 74 12 18 32 158 29 27 26 23 24 15 159 16 22 149 148 147 136 139 141 134 6 9 10 76 11 13 17 28 30 31 33 40 156 39 38 75 19 49 170 168 78 80 81 79 82 77 2 1 0 
4091 -- 0 170 49 38 39 40 45 44 156 155 41 42 62 66 63 64 56 54 58 57 61 68 69 67 167 70 85 86 92 165 163 102 162 123 120 121 122 101 90 91 154 89 65 88 153 87 93 166 108 83 84 71 50 52 43 55 53 47 46 48 51 59 60 168 72 79 111 110 109 114 115 113 125 136 146 145 144 143 140 134 131 116 117 118 119 124 135 138 139 141 7 9 4 5 169 107 106 105 97 98 95 94 96 99 100 103 104 164 127 126 129 130 133 6 8 14 15 159 13 21 22 16 17 19 20 73 77 78 82 80 81 1 2 3 10 76 74 75 11 12 18 37 32 158 36 31 34 35 157 33 30 28 29 27 26 23 24 25 150 161 160 151 152 142 149 148 147 137 128 112 132 0 
4600 -- 0 81 80 77 73 168 78 82 79 112 127 126 125 136 129 146 145 144 6 151 143 148 137 128 130 113 164 135 139 7 9 2 1 3 5 134 116 118 119 124 121 122 123 162 101 100 104 105 102 103 163 99 95 96 97 98 94 93 166 108 71 60 66 63 64 56 55 54 58 57 62 61 68 67 167 85 92 154 89 90 91 69 65 88 153 87 70 86 83 84 50 59 51 52 53 43 44 39 34 41 155 42 47 48 37 38 10 74 11 76 12 13 17 18 20 158 36 32 31 35 157 33 156 40 45 46 170 49 72 75 19 24 150 160 14 15 25 26 27 30 28 29 159 16 21 22 23 149 161 152 142 147 138 140 141 8 4 133 131 132 169 111 110 109 107 106 165 114 115 117 120 0 
4614 -- 0 81 5 110 109 114 126 125 128 130 113 135 138 139 6 152 142 160 14 151 150 161 143 147 137 145 144 141 134 164 127 117 118 162 123 122 121 120 103 104 107 106 105 165 163 99 91 153 90 154 89 88 87 69 67 167 70 84 71 50 51 60 49 168 72 82 80 79 78 2 1 4 7 8 15 16 21 22 25 26 27 23 159 13 17 29 32 158 31 30 28 24 149 148 136 129 146 140 131 132 133 169 3 9 10 76 74 75 11 12 18 19 20 36 157 33 34 156 39 37 38 35 41 155 42 46 47 48 52 53 43 59 170 40 44 45 55 54 58 73 77 111 112 115 116 119 124 102 100 101 98 94 93 166 108 83 66 63 65 64 56 57 62 61 68 85 86 92 96 97 95 0 
4378 -- 0 80 79 82 11 12 18 37 38 39 35 157 31 34 156 53 47 48 50 49 170 168 72 78 73 77 1 81 9 2 3 4 8 10 76 74 75 19 20 22 27 26 25 150 161 160 151 14 15 16 21 29 30 28 23 24 159 13 17 32 158 36 33 42 41 155 40 44 45 46 52 43 55 54 58 51 59 68 67 69 85 86 93 92 91 154 153 84 71 60 61 65 88 89 90 95 163 99 100 101 122 121 120 124 145 143 152 149 148 147 138 139 140 141 134 113 164 127 126 125 130 131 112 5 133 169 110 109 115 116 117 118 119 102 103 105 165 114 108 166 83 66 63 56 64 57 62 167 70 87 94 96 98 123 162 129 128 132 111 107 106 97 104 135 137 136 146 144 142 6 7 0 
4174 -- 0 81 80 79 3 169 132 133 134 6 9 4 111 110 107 95 96 165 109 108 166 93 92 94 97 99 100 101 102 121 122 123 162 163 98 90 91 154 89 83 84 69 167 67 66 64 57 62 61 65 88 153 87 70 86 85 71 170 73 2 1 112 164 127 117 119 120 124 129 146 145 144 143 148 147 149 142 150 160 151 14 15 159 16 17 18 19 20 37 38 39 44 45 46 48 51 52 53 43 54 58 59 60 68 63 56 55 42 41 155 34 35 36 157 33 156 40 47 49 50 168 72 82 78 77 106 105 104 114 115 116 118 103 130 131 113 126 125 137 136 128 135 138 139 140 141 8 10 76 74 75 11 12 13 158 32 22 21 29 30 31 28 27 23 26 24 25 161 152 7 5 0 
4036 -- 0 81 80 79 78 77 74 75 29 22 23 24 25 150 160 7 8 5 134 131 113 164 127 126 125 119 120 121 122 123 162 128 130 132 133 169 112 111 110 109 108 166 83 84 71 68 67 69 85 86 93 92 91 154 88 153 167 70 87 94 165 163 99 101 100 102 103 114 115 116 146 145 144 143 147 148 15 159 16 18 19 20 37 38 48 73 1 2 3 4 9 10 76 11 12 21 158 36 31 32 157 33 34 35 40 39 44 45 52 53 43 55 56 61 66 63 64 57 62 65 89 90 98 95 96 97 104 107 106 105 117 118 124 137 129 136 138 135 139 140 141 6 152 142 149 161 151 14 13 17 26 27 28 30 41 42 155 156 46 47 51 54 58 59 60 50 49 170 168 72 82 0 
7648 -- 0 2 15 159 16 18 19 168 167 70 92 154 89 165 130 81 80 78 72 170 49 38 33 30 28 27 150 160 151 7 9 4 5 169 73 51 55 42 41 155 46 82 79 100 101 90 52 53 47 48 1 3 76 22 26 25 137 138 139 141 8 13 37 39 58 59 65 64 56 54 156 34 35 157 31 36 10 74 158 32 21 29 20 77 110 108 166 83 84 71 112 125 136 135 14 17 23 24 161 119 120 94 91 88 153 43 44 45 40 111 126 129 128 104 114 109 69 67 107 97 121 146 145 140 131 66 63 57 62 61 68 106 105 147 144 143 113 164 127 116 118 122 123 162 124 6 152 142 149 148 93 96 98 95 87 86 85 60 50 75 11 12 132 133 134 115 117 103 163 99 102 0 
7856 -- 0 80 81 109 83 84 69 85 50 170 112 120 121 122 162 132 133 142 152 18 40 44 54 58 73 113 136 137 110 107 106 89 87 21 22 24 15 141 115 108 60 52 46 47 53 43 55 64 56 57 70 92 96 104 135 134 131 4 169 163 99 98 95 94 67 63 48 126 125 128 79 82 72 71 61 68 86 105 165 147 148 149 161 144 143 158 11 12 13 17 25 160 151 76 74 20 37 39 38 168 78 111 164 118 102 103 114 166 154 90 91 100 123 101 93 34 35 36 157 33 156 45 51 59 66 62 167 97 130 6 8 9 2 138 139 140 127 116 117 119 124 129 146 145 32 31 28 27 150 14 159 16 29 23 26 30 41 155 42 77 1 3 5 7 10 75 19 49 65 88 153 0 
6386 -- 0 3 4 134 131 126 125 102 104 114 164 138 6 9 5 143 14 15 13 157 44 52 46 47 48 168 79 80 81 112 132 133 169 111 110 83 69 67 66 85 84 71 68 167 70 87 86 60 61 65 89 90 96 95 108 73 19 158 32 21 22 159 16 17 31 33 43 54 57 62 63 88 153 93 92 154 91 94 97 165 127 136 137 128 135 147 148 149 161 160 152 151 7 76 75 36 41 155 40 45 72 82 78 77 170 51 53 59 50 49 37 29 27 26 25 142 116 117 118 119 162 103 99 98 106 105 100 123 122 120 121 124 129 115 109 166 107 163 101 146 145 144 139 140 141 8 10 12 18 1 113 130 35 34 156 58 64 56 55 42 30 28 23 24 150 2 74 11 20 39 38 0 
6882 -- 0 52 58 167 86 71 20 24 160 152 142 131 127 126 125 137 138 135 136 148 149 161 151 5 169 78 66 56 39 11 19 37 73 106 100 101 65 64 54 53 168 72 67 84 60 170 77 107 105 99 102 162 123 122 103 163 70 63 55 43 42 41 155 45 57 62 61 68 69 85 50 1 110 166 92 93 108 83 38 35 156 23 26 27 28 30 31 34 40 44 46 47 48 49 51 59 2 3 4 7 9 80 81 10 76 74 75 12 18 112 118 119 139 140 141 8 13 82 79 109 91 87 94 114 115 117 120 121 124 128 6 14 15 159 16 17 36 157 33 32 158 21 29 22 25 150 143 129 133 134 116 146 145 144 147 130 104 95 96 97 98 88 153 154 89 90 165 113 164 132 111 0 
7202 -- 0 112 133 131 169 9 2 77 61 63 64 90 91 85 86 83 60 168 4 7 14 32 31 33 34 35 12 13 17 18 37 59 65 153 84 71 73 113 130 138 139 127 116 119 120 129 1 52 55 54 58 57 67 69 66 42 43 56 62 68 167 70 107 106 164 137 147 149 148 140 132 154 89 88 87 96 126 146 145 158 36 157 41 155 11 10 76 74 75 19 22 15 150 161 152 142 141 134 115 104 105 163 99 95 97 103 118 25 26 23 27 28 30 156 45 48 51 50 49 170 72 78 82 79 80 81 53 44 40 39 38 24 160 151 136 128 111 3 5 143 144 125 98 94 92 93 165 135 8 159 16 46 47 110 114 109 108 166 100 101 162 123 122 121 102 117 124 6 21 20 29 0 
7764 -- 0 1 73 49 38 35 34 33 27 26 22 170 110 114 115 104 108 83 69 85 75 11 12 86 93 166 10 74 21 168 71 66 88 90 98 122 146 145 140 63 64 65 153 87 70 94 96 165 163 100 81 79 80 126 125 118 120 121 129 132 109 107 113 130 9 76 19 37 39 40 51 61 68 167 92 134 14 15 159 32 155 156 44 46 52 47 16 17 24 25 150 161 160 151 152 117 119 102 162 123 101 84 55 58 59 60 72 78 82 77 111 127 116 124 128 131 164 135 142 149 147 137 136 138 139 141 103 99 95 67 56 57 62 4 6 7 8 23 148 144 143 13 18 20 158 36 157 31 30 28 29 41 42 45 48 112 133 50 43 54 53 2 3 5 91 154 89 106 105 97 169 0 
7549 -- 0 74 75 12 19 72 60 50 3 169 52 53 55 61 68 69 37 22 24 15 159 16 21 29 17 31 43 57 62 56 34 33 32 168 82 78 73 11 10 76 51 66 63 64 42 41 155 47 112 138 139 9 1 80 79 81 107 105 95 96 99 122 129 130 132 133 152 148 144 140 116 117 108 38 20 23 26 27 49 170 71 65 88 89 90 153 154 98 123 162 101 87 86 91 97 103 100 102 118 119 145 143 142 149 150 160 7 8 4 5 110 83 84 67 167 70 85 166 93 92 94 135 6 161 151 14 18 46 48 115 120 121 124 128 164 126 111 77 39 40 156 45 44 54 58 59 35 157 30 28 25 147 136 137 141 134 131 127 125 146 13 158 36 2 114 109 106 165 163 104 113 0 
8427 -- 0 1 34 156 48 49 50 38 12 13 19 20 21 29 28 27 148 147 126 125 89 153 92 154 88 86 3 4 149 161 160 159 17 22 137 129 77 170 51 59 60 23 24 15 16 32 31 33 68 67 85 107 99 121 146 140 134 116 118 123 101 95 165 163 98 87 71 74 26 25 150 8 106 105 97 100 102 114 113 127 124 128 131 111 108 93 166 83 63 64 167 70 69 5 112 136 139 141 115 104 130 142 152 151 9 2 61 56 42 44 46 168 72 78 82 79 80 81 132 133 169 39 40 75 11 18 37 73 164 117 119 122 162 103 84 52 53 35 157 30 158 10 76 110 109 91 90 94 120 145 144 143 45 43 55 57 62 96 138 135 6 54 58 66 65 7 14 36 41 155 47 0 
7540 -- 0 170 51 55 57 62 63 64 56 90 98 117 119 148 149 160 9 2 73 38 37 75 74 19 20 39 46 47 52 53 77 4 169 116 120 121 131 81 80 79 82 72 10 76 45 43 54 58 1 110 106 105 50 157 41 40 44 48 59 61 68 104 129 128 126 103 101 123 122 162 102 165 163 95 91 153 87 167 70 67 66 65 88 93 92 94 97 135 8 17 29 28 27 26 22 23 159 16 21 158 32 31 33 34 156 49 168 78 112 132 133 6 151 13 18 11 12 111 166 96 99 100 130 3 5 108 154 89 85 71 35 36 30 155 42 109 107 164 7 14 15 150 161 141 127 125 118 124 145 152 142 115 114 113 146 144 143 147 138 139 140 134 69 86 83 84 60 24 25 137 136 0 
5247 -- 0 132 71 69 85 84 63 58 59 60 168 82 79 80 81 77 78 72 73 55 56 66 65 64 153 170 49 38 39 44 45 40 35 157 33 156 42 41 155 34 47 48 51 46 52 43 53 54 57 62 61 68 67 167 70 87 86 91 154 89 90 94 88 93 166 107 105 165 99 100 98 95 96 104 115 117 119 121 120 102 103 163 92 108 83 50 37 75 12 18 20 10 76 74 11 19 29 24 15 159 16 21 25 160 152 14 13 17 22 26 32 158 31 36 30 27 28 23 150 161 151 2 1 112 125 129 138 135 146 144 140 6 7 8 9 5 111 110 109 106 97 162 123 122 101 124 145 142 149 148 143 147 137 136 139 141 134 113 116 118 114 164 127 126 128 130 131 3 4 133 169 0 
4896 -- 0 109 67 167 71 68 63 64 56 54 168 79 78 82 80 72 60 66 65 57 62 61 87 70 89 154 88 153 92 94 96 98 95 99 103 163 100 101 123 162 122 121 124 120 102 118 119 145 142 143 147 138 139 140 134 132 107 106 105 97 165 104 115 114 113 116 117 131 164 127 126 125 136 146 144 141 6 151 14 150 161 160 152 149 148 137 129 128 130 135 7 8 9 1 2 3 4 5 133 169 111 112 110 166 108 85 93 90 91 86 83 69 84 50 73 74 19 49 155 41 42 44 55 58 59 51 52 53 43 46 39 40 34 156 157 33 31 32 21 30 28 27 26 29 22 15 25 23 24 159 16 17 158 36 75 11 10 76 12 13 18 20 37 38 35 45 47 48 170 77 81 0 
4912 -- 0 80 79 81 82 78 2 3 5 133 112 132 169 111 113 127 125 136 137 135 128 131 121 102 103 104 110 109 106 165 114 107 105 95 97 98 90 89 154 91 94 92 166 93 108 71 66 63 56 55 53 52 47 168 72 49 50 37 38 39 35 34 156 40 43 44 48 51 59 60 61 64 54 58 57 62 68 87 70 85 83 84 67 167 69 65 88 153 86 96 163 99 100 120 123 122 101 162 117 118 146 145 144 147 130 164 126 115 116 119 124 129 138 139 140 6 152 14 159 13 17 18 29 22 16 21 28 27 26 23 15 25 24 150 160 151 142 149 148 143 141 134 8 4 9 10 75 11 12 20 32 161 7 76 74 19 158 36 157 33 31 30 41 155 42 45 46 170 73 77 1 0 
4318 -- 0 109 107 106 105 97 98 95 94 99 100 103 104 115 116 117 118 119 120 124 128 130 135 139 134 142 149 148 161 151 7 8 9 5 133 169 112 113 127 129 137 136 126 125 145 147 138 140 6 152 14 17 21 29 15 159 18 19 32 34 155 156 40 44 45 51 59 60 49 73 170 77 2 1 3 4 74 10 76 75 11 12 158 36 157 33 31 30 28 27 26 23 24 25 150 160 13 22 16 20 37 39 38 35 46 47 48 52 53 43 42 41 55 54 58 57 62 61 66 63 65 64 56 68 69 85 86 83 84 67 167 87 70 92 91 154 89 90 88 153 96 165 163 101 102 162 123 122 121 146 144 143 141 131 111 110 114 164 132 93 166 108 71 50 168 72 78 82 79 80 81 0 
4649 -- 0 110 114 127 126 125 118 100 106 105 95 96 99 101 162 102 103 163 98 90 154 89 70 67 167 107 165 104 113 115 109 108 166 93 83 71 64 57 56 61 69 66 65 88 153 85 84 63 62 68 87 86 92 91 94 97 164 116 117 119 120 122 123 121 124 136 128 130 135 139 140 6 7 10 76 75 12 18 19 20 158 32 21 22 24 25 23 26 27 28 29 161 152 151 142 143 129 146 145 144 147 148 137 138 131 133 134 141 149 150 160 8 14 15 159 16 17 37 38 39 40 45 44 47 49 168 74 11 13 30 31 33 155 34 156 35 36 157 41 42 55 58 59 60 50 51 46 52 53 43 54 48 73 170 72 82 79 81 4 9 2 3 5 169 112 132 111 80 78 77 1 0 
4372 -- 0 81 80 79 82 78 3 4 5 133 131 132 110 114 109 166 95 163 99 98 153 93 92 154 89 88 90 91 94 96 165 127 116 118 119 120 122 121 162 123 101 100 103 102 104 115 113 164 126 125 139 140 6 7 76 74 19 20 21 22 23 24 15 13 17 29 30 28 27 26 25 150 161 152 14 160 8 9 169 112 111 107 106 105 97 117 124 146 145 144 143 149 148 147 137 135 136 129 128 130 138 134 141 142 151 159 16 37 39 38 35 36 10 75 11 12 18 158 32 157 31 33 41 34 156 40 155 42 45 44 47 59 68 67 167 87 70 69 85 86 108 83 84 65 56 57 64 62 61 66 63 55 43 54 58 60 51 52 53 46 48 170 168 72 71 50 49 73 77 1 2 0 
4441 -- 0 110 108 166 91 154 90 86 84 71 68 69 67 63 64 62 66 89 87 85 50 59 51 53 43 55 58 73 170 49 38 156 155 41 42 54 47 39 40 44 45 46 48 52 56 57 61 65 88 153 70 167 92 94 96 98 95 93 107 106 105 165 163 99 101 123 121 122 162 117 102 103 100 104 97 114 109 83 60 168 72 82 79 80 5 169 112 132 111 3 6 149 148 147 138 139 140 7 8 10 76 74 75 11 12 13 29 28 30 26 27 25 150 160 151 14 159 16 17 18 19 20 157 33 31 34 35 36 37 32 158 21 22 23 24 15 161 152 142 113 115 116 118 119 120 164 127 126 125 124 146 145 144 143 137 136 129 128 130 135 134 141 131 133 4 9 2 1 77 78 81 0 
4304 -- 0 164 127 116 117 118 104 99 98 95 94 96 165 163 100 101 162 102 123 122 120 121 146 141 152 151 14 25 27 28 30 23 22 26 24 15 159 17 168 77 73 1 3 4 5 169 110 108 93 166 83 71 60 50 49 170 74 21 158 32 36 157 31 33 42 155 41 35 34 44 45 46 47 48 51 52 53 43 55 54 58 59 61 63 64 56 57 62 68 67 66 65 86 85 84 69 167 70 92 91 154 90 89 88 153 87 97 103 119 124 128 130 135 137 138 139 142 143 147 148 149 161 150 160 13 29 16 19 20 11 10 76 75 12 18 37 38 39 40 156 72 78 82 79 80 81 112 132 133 111 109 107 106 105 115 114 126 125 136 129 145 144 140 134 131 113 6 7 8 9 2 0 
4291 -- 0 3 7 8 9 4 5 133 134 131 113 164 116 117 118 119 122 121 120 129 128 135 136 137 148 143 144 140 141 142 149 161 160 150 25 152 151 14 13 29 20 37 73 82 79 80 81 110 115 114 107 105 97 98 95 92 93 94 96 103 124 146 145 147 138 6 15 16 17 27 28 30 23 22 21 26 24 159 32 158 36 38 39 35 33 31 34 156 40 43 55 54 58 59 61 63 64 56 57 62 68 67 167 70 69 66 65 88 153 87 85 166 108 90 91 154 89 86 83 84 71 60 49 50 1 111 112 132 169 109 106 165 163 99 100 101 123 162 102 104 127 126 125 130 139 10 76 74 75 11 12 18 19 157 41 155 42 44 45 47 48 51 52 53 46 170 168 72 78 77 2 0 
6861 -- 0 113 116 118 145 144 140 131 132 109 83 85 86 84 3 4 10 76 74 21 75 11 12 49 73 127 126 125 129 137 148 149 150 160 5 169 112 133 111 93 153 69 67 71 29 22 23 27 26 147 136 128 130 6 18 19 20 170 115 102 122 121 124 146 15 159 16 32 158 36 157 35 34 156 47 53 43 44 155 41 42 55 58 59 60 167 87 154 89 88 66 65 90 91 96 165 114 50 168 72 78 82 79 80 107 106 99 100 164 138 139 17 28 30 31 33 45 57 62 63 56 64 101 123 162 103 117 119 120 163 98 95 94 92 46 48 77 2 110 108 166 105 104 134 152 151 7 9 51 52 54 61 68 70 97 135 14 13 24 25 161 142 143 141 8 38 40 39 37 1 81 0 
6793 -- 0 22 26 27 23 24 150 149 152 159 13 75 10 74 19 16 17 160 7 8 14 151 9 76 38 39 156 34 40 45 46 52 53 48 37 11 12 18 73 110 91 89 153 71 35 157 33 58 60 77 132 133 166 154 90 88 65 64 57 61 86 107 105 98 96 99 100 102 103 163 95 97 113 131 3 4 81 80 79 82 72 29 28 30 31 36 41 155 42 47 112 127 116 117 120 121 129 130 164 126 125 119 128 134 15 25 161 142 146 145 144 140 141 2 1 68 167 70 87 92 104 115 114 109 83 66 56 62 63 55 54 43 44 20 21 32 158 5 169 111 108 106 123 122 124 136 137 147 148 143 118 162 101 51 59 67 84 69 85 93 94 165 135 138 139 6 170 49 50 168 78 0 
7260 -- 0 119 120 117 118 87 70 69 67 167 50 53 48 1 112 121 122 162 123 101 100 114 113 116 103 90 66 65 88 153 85 71 2 142 143 146 145 144 152 151 14 13 17 21 37 109 107 106 105 126 125 102 95 96 165 135 138 139 140 164 124 136 134 6 10 75 19 23 24 160 9 4 5 133 169 81 78 72 82 79 80 3 8 159 16 33 41 155 34 31 27 26 161 141 7 76 12 18 20 39 54 58 94 97 93 156 40 43 57 62 68 92 91 154 89 86 83 49 73 77 74 11 25 149 148 147 131 110 108 166 163 99 98 52 44 46 51 59 60 170 168 61 84 38 35 36 157 42 45 47 111 127 129 128 115 104 63 64 56 55 30 28 29 22 158 32 15 150 137 130 132 0 
6202 -- 0 105 97 94 92 154 153 87 64 42 155 41 156 48 4 5 160 161 142 164 126 125 128 130 135 133 169 113 115 104 114 116 119 138 139 141 14 20 1 112 127 129 147 137 136 110 109 107 106 99 90 91 70 67 69 84 71 50 53 46 52 54 58 63 56 57 62 61 85 86 93 98 95 165 163 100 103 118 120 124 145 143 7 2 77 40 43 55 59 88 89 166 108 83 66 65 47 39 38 75 12 30 28 27 26 15 159 16 168 78 3 152 151 13 17 37 51 60 68 167 96 102 117 121 122 123 101 162 146 140 6 8 9 10 76 158 157 34 44 45 11 18 23 24 25 150 149 148 144 134 131 132 111 73 74 19 29 22 21 32 31 33 35 36 49 170 72 82 79 80 81 0 
5526 -- 0 109 40 156 34 35 33 155 41 42 43 54 58 59 60 50 51 52 53 44 45 48 170 77 1 127 129 128 139 140 141 99 100 101 95 94 92 91 154 90 89 153 87 86 93 166 84 64 62 61 67 66 63 56 55 46 47 39 38 11 10 76 74 75 12 23 160 142 134 131 126 125 118 163 88 65 57 68 71 168 3 7 8 116 117 119 120 121 122 123 162 124 146 145 143 159 13 17 21 24 25 26 22 32 158 36 157 31 30 28 27 161 152 151 14 15 16 18 19 49 73 2 4 5 110 107 106 105 114 108 83 69 167 70 85 37 20 29 150 147 136 137 138 135 133 169 111 132 6 149 148 144 9 81 80 79 82 72 78 112 113 115 97 98 96 165 102 103 104 164 130 0 
5951 -- 0 74 36 157 68 67 71 60 66 65 62 63 92 91 154 90 96 115 110 109 166 93 89 88 153 46 47 38 75 11 12 19 23 159 16 18 158 33 45 48 49 37 22 160 14 13 17 26 25 150 161 125 129 128 135 136 137 138 142 149 148 144 143 147 139 140 134 116 118 162 123 101 95 97 98 94 106 105 165 163 100 117 119 120 121 122 102 108 83 84 167 70 87 86 85 51 52 43 55 57 61 69 107 99 103 104 114 131 113 164 130 127 126 124 146 145 141 169 112 133 3 4 5 6 152 151 21 32 41 155 42 44 64 56 54 39 40 156 34 35 31 30 28 27 29 170 73 50 53 58 59 1 2 111 132 8 9 10 76 20 24 15 7 77 168 72 79 80 78 82 81 0 
5815 -- 0 6 160 150 149 148 161 152 110 109 108 83 66 63 65 88 153 87 93 166 107 105 114 164 111 73 168 60 68 70 91 154 89 90 98 95 165 163 101 100 102 103 115 116 119 131 133 169 10 74 30 31 41 42 54 58 52 53 43 44 40 39 20 21 22 25 7 8 9 4 142 134 135 146 145 140 81 80 79 82 77 78 72 71 67 86 84 69 64 56 57 62 85 50 38 35 36 157 33 28 27 26 23 24 15 151 14 159 16 18 37 45 55 61 167 92 120 122 121 124 144 143 147 137 136 129 128 113 117 118 162 123 94 106 97 99 96 104 130 132 112 127 126 125 138 139 141 13 17 32 158 34 155 46 47 75 11 76 12 19 29 156 48 51 59 49 170 1 2 3 5 0 
5346 -- 0 74 75 12 13 17 21 33 156 40 46 47 49 50 51 52 54 58 59 60 61 67 69 167 70 86 6 152 15 159 16 22 23 26 27 30 28 29 24 18 20 36 157 31 32 158 37 10 76 11 19 107 105 103 119 120 122 121 124 128 113 115 116 118 102 162 123 96 114 109 108 83 63 64 57 62 68 85 84 71 164 126 130 135 132 169 110 166 154 89 90 153 87 66 56 42 45 48 168 72 78 82 79 80 106 97 165 104 125 146 145 144 148 138 139 140 141 7 4 5 134 8 14 160 151 142 149 150 25 161 143 147 137 136 129 111 112 133 131 127 117 163 99 100 101 98 95 94 92 93 91 88 65 55 53 43 44 39 38 35 34 41 155 170 77 73 1 2 3 9 81 0 
5574 -- 0 59 68 167 87 92 94 106 105 96 89 153 154 90 91 86 84 60 168 3 4 76 36 157 42 58 57 62 67 70 69 85 170 73 5 133 134 6 2 80 79 72 61 63 64 65 56 53 47 48 49 35 34 41 155 40 44 45 156 33 21 22 24 15 161 7 9 10 74 19 37 50 51 52 43 55 54 46 78 82 77 1 14 13 17 158 32 31 30 23 25 150 160 151 159 16 20 38 39 75 11 12 18 29 28 27 26 149 148 147 137 138 136 146 143 142 152 8 110 109 108 83 71 66 88 93 166 107 99 101 162 123 163 98 95 97 165 104 114 130 132 169 112 113 116 117 118 119 124 128 135 139 131 115 120 122 121 145 144 140 141 164 126 125 102 103 100 127 129 111 81 0 
