1908 -- 0 25 9 33 27 28 2 41 43 42 22 20 37 38 18 17 34 13 46 36 35 14 15 16 45 39 19 44 21 40 47 26 1 10 11 8 32 7 23 12 6 3 24 4 29 5 31 30 0 
1917 -- 0 25 1 37 38 18 17 34 13 46 36 35 14 15 16 45 20 39 19 44 21 40 42 28 3 24 4 29 30 5 31 7 23 12 32 6 10 11 8 9 33 27 2 41 43 22 47 26 0 
1873 -- 0 25 37 18 17 46 36 35 14 15 16 45 39 19 44 21 40 47 26 1 11 8 9 33 27 28 2 41 43 42 22 20 38 13 34 23 12 32 7 31 4 3 24 29 30 5 6 10 0 
1832 -- 0 25 1 9 33 27 2 41 43 22 20 18 17 34 13 46 36 35 14 15 16 45 39 19 44 21 40 47 26 42 28 3 24 4 29 30 5 31 7 23 12 32 6 10 8 11 37 38 0 
1868 -- 0 47 22 41 43 42 25 20 37 38 18 17 12 32 7 23 34 13 46 36 14 35 15 16 45 39 19 44 21 40 26 1 9 33 27 28 2 3 24 4 29 30 31 5 6 10 8 11 0 
1910 -- 0 25 37 38 18 17 46 36 35 14 15 16 45 44 19 39 21 20 13 34 23 12 32 7 31 30 5 6 9 33 27 28 2 41 43 42 22 40 47 26 1 10 11 8 24 4 29 3 0 
1972 -- 0 25 37 38 17 46 36 14 15 44 19 20 18 13 34 35 16 45 39 21 40 47 26 28 3 24 4 29 30 5 31 10 11 8 32 7 23 12 6 9 33 27 2 41 43 22 42 1 0 
1887 -- 0 25 37 38 18 7 23 34 13 46 36 35 14 45 39 21 40 20 19 44 15 16 17 12 32 6 3 24 4 29 30 5 31 9 33 27 28 2 41 43 42 22 47 26 1 10 8 11 0 
1845 -- 0 25 18 17 12 32 6 10 11 8 9 33 27 28 2 41 43 42 22 40 47 26 1 3 24 4 29 30 5 31 7 23 34 13 46 36 14 35 15 16 45 39 19 44 21 20 38 37 0 
2663 -- 0 25 47 41 43 22 40 26 1 45 39 21 38 37 18 17 9 33 3 13 35 14 34 12 32 24 4 29 30 5 6 31 7 23 46 36 15 16 27 28 2 42 19 44 20 11 8 10 0 
2449 -- 0 46 36 14 45 39 21 47 26 8 7 23 35 16 17 32 31 29 30 5 6 10 11 37 19 44 15 20 38 18 13 34 12 24 4 3 25 1 9 33 27 28 2 42 22 41 43 40 0 
2475 -- 0 41 43 22 19 44 25 47 26 1 10 32 7 23 35 14 45 39 21 40 18 17 46 36 15 16 31 30 5 24 4 29 3 27 28 2 42 20 38 13 34 12 6 9 33 8 11 37 0 
2206 -- 0 22 41 43 19 44 15 16 17 12 7 31 9 33 27 2 28 3 6 8 11 37 18 46 36 14 45 39 21 26 1 25 47 42 40 20 38 13 34 35 23 32 24 4 29 30 5 10 0 
2235 -- 0 25 9 28 2 41 43 42 22 35 14 34 46 36 45 19 44 15 16 39 21 20 18 17 13 12 7 23 32 24 4 3 33 27 29 30 5 31 6 10 8 11 37 38 40 47 26 1 0 
2454 -- 0 25 47 26 1 18 34 13 46 36 15 19 44 21 40 20 16 35 14 45 39 22 42 30 5 31 7 23 32 24 4 29 27 28 2 41 43 38 17 12 9 33 3 6 10 8 11 37 0 
2333 -- 0 20 39 21 40 47 26 22 41 43 42 1 46 36 23 32 6 10 9 33 27 2 28 3 24 25 18 13 34 45 19 44 15 35 14 16 17 12 7 31 4 29 30 5 8 11 37 38 0 
1992 -- 0 25 1 8 11 37 39 21 47 26 42 22 41 43 40 20 38 18 17 12 7 23 34 13 46 36 35 14 16 45 19 44 15 32 24 4 29 30 5 31 6 9 33 27 2 28 3 10 0 
2116 -- 0 25 1 10 11 37 19 39 21 38 46 36 23 13 34 35 14 16 45 44 15 18 17 12 7 31 30 5 24 4 29 3 6 8 32 9 33 27 28 2 41 43 42 22 40 47 26 20 0 
1944 -- 0 25 20 18 46 36 35 14 15 45 16 17 13 34 7 23 12 32 3 24 4 29 30 31 5 6 10 11 8 9 33 27 28 2 41 43 42 22 44 19 39 21 40 47 26 1 37 38 0 
1777 -- 0 25 1 9 33 27 2 41 43 22 40 20 37 38 18 17 12 32 7 23 34 13 46 36 14 35 15 16 45 39 19 44 21 47 26 42 28 3 24 4 29 30 31 5 6 10 8 11 0 
1903 -- 0 25 1 47 26 22 41 43 42 21 40 20 38 37 18 17 34 13 46 36 16 45 39 19 44 15 35 14 23 12 32 7 31 9 33 27 2 28 3 24 4 29 30 5 6 10 8 11 0 
1877 -- 0 25 9 33 27 2 28 3 24 4 29 30 31 5 6 8 32 7 23 12 13 46 36 16 45 20 38 37 18 17 34 35 14 15 44 19 39 21 40 47 26 22 41 43 42 1 10 11 0 
1896 -- 0 25 37 39 19 44 21 40 47 26 22 41 43 42 1 11 10 9 33 27 2 28 3 24 4 29 30 31 5 6 8 32 7 23 12 13 34 35 14 15 18 17 46 36 16 45 20 38 0 
1791 -- 0 25 20 38 37 18 17 12 32 7 23 34 13 46 36 14 35 15 16 45 44 19 39 21 40 47 26 22 41 43 42 1 9 33 27 2 28 3 24 4 29 30 5 31 6 8 11 10 0 
1789 -- 0 25 37 20 38 18 17 12 32 7 23 34 13 46 36 14 35 15 16 45 39 19 44 21 40 47 26 22 41 43 42 1 9 33 27 2 28 3 24 4 29 30 31 5 6 8 11 10 0 
1815 -- 0 25 18 17 12 32 7 23 34 13 46 36 35 14 15 16 45 39 19 44 21 40 47 26 1 10 3 24 4 29 30 5 31 6 8 11 9 33 27 28 2 41 43 42 22 20 37 38 0 
1906 -- 0 25 47 26 22 41 43 42 1 9 33 27 2 28 3 24 4 29 30 6 8 11 18 17 46 36 14 35 15 16 45 44 19 39 21 40 20 38 37 13 34 23 12 32 7 31 5 10 0 
2213 -- 0 9 33 27 3 8 32 7 23 12 13 34 35 16 19 44 15 46 36 14 18 17 45 20 38 40 47 26 1 25 10 11 37 39 21 22 41 43 42 28 2 24 4 29 30 31 5 6 0 
2417 -- 0 13 34 23 35 14 15 16 12 7 31 5 29 30 18 17 46 36 45 44 19 38 37 39 21 47 41 43 40 26 9 33 27 28 3 6 24 4 2 42 22 20 11 8 32 10 25 1 0 
2442 -- 0 47 26 22 42 28 2 9 33 27 3 8 11 45 39 21 40 20 38 18 46 36 15 19 44 41 43 24 4 29 30 6 37 13 23 34 35 14 16 17 12 32 7 31 5 10 25 1 0 
1981 -- 0 25 46 36 14 23 12 32 7 31 5 4 27 28 3 24 29 30 6 8 11 10 9 33 2 41 43 42 22 40 47 26 1 37 18 17 13 34 35 15 16 45 39 19 44 21 20 38 0 
2070 -- 0 18 12 32 7 23 35 16 17 13 34 46 36 14 15 45 20 37 38 10 3 24 4 29 30 5 31 6 8 11 25 1 9 33 27 28 2 41 43 19 44 39 21 47 26 42 22 40 0 
2170 -- 0 3 24 4 29 30 5 6 8 11 25 47 42 22 40 20 37 16 45 39 19 44 21 26 1 9 33 27 28 2 41 43 38 18 17 13 34 46 36 15 35 14 23 12 32 7 31 10 0 
1979 -- 0 25 20 38 37 18 17 34 23 12 13 46 36 14 35 15 16 45 19 44 39 21 47 41 43 22 40 26 10 11 8 32 7 31 6 24 3 4 29 30 5 9 33 27 28 2 42 1 0 
1916 -- 0 25 18 17 13 46 36 14 23 34 35 15 16 45 39 19 44 21 47 26 41 43 22 40 20 37 38 12 32 7 31 30 5 24 4 29 3 6 10 11 8 9 33 27 28 2 42 1 0 
1923 -- 0 9 33 27 28 2 41 43 22 44 19 20 37 38 17 46 36 14 35 15 16 45 39 21 40 47 26 42 1 25 18 13 34 23 12 32 7 31 5 4 3 24 29 30 6 8 11 10 0 
1921 -- 0 25 1 9 33 27 28 2 41 43 22 20 18 17 13 46 36 14 16 45 39 21 40 47 26 42 19 44 15 35 34 7 23 12 32 6 3 24 4 29 30 5 31 10 8 11 37 38 0 
1957 -- 0 25 1 11 8 32 7 23 12 6 9 33 27 3 24 4 29 30 5 31 10 37 38 18 17 34 13 46 36 35 14 15 16 45 20 39 19 44 21 40 47 26 22 42 28 2 41 43 0 
2077 -- 0 25 37 38 18 45 44 19 39 21 47 26 1 10 11 8 32 7 31 3 24 4 29 30 5 6 9 33 27 28 2 41 43 42 22 40 20 15 16 17 34 35 14 23 12 13 46 36 0 
1941 -- 0 25 47 41 43 42 22 20 19 44 15 16 45 39 21 40 26 1 9 33 27 2 28 3 24 4 29 30 31 5 10 37 38 18 17 46 36 35 14 34 13 12 7 23 32 6 8 11 0 
1894 -- 0 25 1 47 26 42 22 41 43 19 44 15 16 45 39 21 40 20 37 38 18 17 13 46 36 35 14 34 7 23 12 32 9 33 27 2 28 3 24 4 29 30 31 5 6 8 11 10 0 
1873 -- 0 25 20 19 44 15 16 45 39 21 40 47 26 22 41 43 42 1 9 33 27 2 28 3 24 4 29 30 5 6 8 11 37 38 18 17 34 13 46 36 14 35 23 12 32 7 31 10 0 
1930 -- 0 1 25 47 26 41 43 42 22 21 40 20 37 38 18 17 12 7 23 34 13 46 36 35 14 45 39 19 44 15 16 32 9 33 27 2 28 3 24 4 29 30 31 5 6 8 11 10 0 
2020 -- 0 25 1 47 26 42 28 2 41 43 22 21 40 20 38 18 17 12 32 8 11 37 16 45 39 19 44 15 34 13 46 36 35 14 23 7 31 5 6 9 33 27 3 24 4 29 30 10 0 
1930 -- 0 25 1 9 33 27 2 28 3 24 4 29 30 5 6 10 18 17 46 36 35 14 15 16 45 39 21 40 47 26 41 43 42 22 44 19 20 38 13 34 23 12 32 7 31 8 11 37 0 
2564 -- 0 46 36 34 13 8 11 25 1 18 17 12 32 6 24 4 7 23 35 14 20 38 9 33 29 30 5 31 10 37 39 19 44 15 16 45 21 40 47 26 22 41 43 28 3 27 2 42 0 
2541 -- 0 13 34 23 12 32 33 27 10 9 2 28 6 24 4 3 29 30 5 8 11 37 19 44 15 35 14 16 7 31 17 45 39 21 40 47 26 42 22 41 43 1 25 38 18 46 36 20 0 
2572 -- 0 38 11 32 35 39 21 40 47 26 25 1 10 8 6 31 9 33 27 28 3 7 23 34 13 46 36 14 16 12 24 2 41 43 22 42 4 29 30 5 37 19 44 15 18 17 45 20 0 
2485 -- 0 25 40 20 11 8 10 37 38 46 36 14 16 21 47 26 22 19 44 15 17 13 7 23 12 32 31 6 18 34 35 45 39 41 43 42 1 9 4 3 33 27 2 28 24 29 30 5 0 
2408 -- 0 25 1 37 38 20 39 44 19 10 31 5 4 3 27 28 24 29 30 8 11 32 7 23 35 14 15 34 13 46 36 16 45 21 47 26 42 22 41 40 18 17 12 6 9 33 2 43 0 
2306 -- 0 25 37 38 34 35 16 18 17 12 32 10 8 9 2 43 28 30 5 6 24 4 29 3 33 27 31 7 23 13 46 36 14 15 45 39 21 40 42 22 41 44 19 20 47 26 1 11 0 
2254 -- 0 25 47 26 1 10 32 12 7 31 30 5 16 45 39 40 20 38 37 18 17 13 46 36 14 23 34 35 15 19 44 21 22 41 43 42 28 2 24 4 29 3 6 9 33 27 8 11 0 
2189 -- 0 25 26 1 11 8 32 24 4 29 30 5 31 7 23 16 45 20 38 18 34 35 14 15 17 12 13 46 36 39 19 44 21 40 47 22 41 43 42 9 33 27 2 28 3 6 10 37 0 
2189 -- 0 25 1 11 8 32 24 4 3 9 33 27 2 41 43 42 22 20 34 23 12 7 31 5 10 37 38 18 17 45 19 44 15 16 13 46 36 35 14 39 21 40 47 26 28 29 30 6 0 
1875 -- 0 9 33 27 2 41 43 22 40 47 26 42 28 3 24 4 29 30 5 31 6 10 8 11 18 17 12 32 7 23 34 13 46 36 35 14 15 16 45 39 19 44 21 20 37 38 25 1 0 
1867 -- 0 25 37 38 18 17 12 32 7 23 34 35 14 13 46 36 15 44 19 20 16 45 39 21 40 47 26 22 41 43 42 1 9 33 27 2 28 3 24 4 29 30 31 5 6 8 11 10 0 
1823 -- 0 25 47 26 42 28 3 24 4 29 30 5 31 6 8 11 10 9 33 27 2 41 43 22 40 20 37 38 18 17 12 32 7 23 34 13 46 36 14 35 15 16 45 39 19 44 21 1 0 
1836 -- 0 25 18 17 12 32 7 23 34 13 46 36 35 14 15 16 45 39 19 44 21 40 47 26 22 20 37 38 11 8 10 3 24 4 29 30 31 5 6 9 33 27 28 2 41 43 42 1 0 
1854 -- 0 25 20 38 37 18 17 13 46 36 35 14 34 7 23 12 32 3 24 4 29 30 5 31 6 10 11 8 9 33 27 28 2 41 43 42 22 19 44 15 16 45 39 21 40 47 26 1 0 
1787 -- 0 25 47 26 22 41 43 42 1 9 33 27 2 28 3 24 4 29 30 5 31 6 10 8 11 37 18 17 12 32 7 23 34 13 46 36 14 35 15 16 45 39 19 44 21 40 20 38 0 
1819 -- 0 25 1 9 33 27 3 24 4 29 30 5 31 6 8 11 37 38 18 17 12 32 7 23 34 13 46 36 14 35 15 16 45 39 19 44 21 40 47 26 42 28 2 41 43 22 20 10 0 
1811 -- 0 25 1 18 17 12 32 7 23 34 13 46 36 14 35 15 16 45 44 19 39 21 47 26 42 3 24 4 29 30 5 31 6 10 11 8 9 33 27 28 2 41 43 22 40 20 38 37 0 
1787 -- 0 25 47 26 22 41 43 42 1 9 33 27 2 28 3 24 4 29 30 5 31 6 10 8 11 37 18 17 12 32 7 23 34 13 46 36 14 35 15 16 45 39 19 44 21 40 20 38 0 
2298 -- 0 9 24 3 33 27 28 6 31 30 5 4 29 2 41 43 42 19 44 15 12 7 23 32 10 8 11 18 36 14 35 16 17 13 34 46 45 39 21 40 22 47 26 1 25 20 37 38 0 
2399 -- 0 24 30 5 4 29 3 18 45 16 17 46 36 35 14 15 19 44 20 39 21 26 10 6 31 7 23 34 13 12 32 8 11 37 38 41 43 22 40 47 9 33 27 28 2 42 1 25 0 
2224 -- 0 9 33 27 2 42 20 38 18 17 13 46 36 14 35 16 45 19 44 15 34 23 12 32 7 31 5 8 37 39 21 22 41 43 40 26 28 3 24 4 29 30 6 10 25 47 1 11 0 
2116 -- 0 25 38 18 17 45 39 21 40 47 41 43 22 26 10 11 8 32 7 31 30 5 24 4 29 3 6 9 33 27 28 2 42 1 37 16 34 23 12 13 46 36 14 35 15 44 19 20 0 
1948 -- 0 18 17 12 7 23 34 13 46 36 35 14 15 16 45 39 19 44 21 22 40 47 26 1 25 9 33 27 28 2 41 43 42 3 24 4 29 30 31 5 6 8 32 10 11 37 20 38 0 
2072 -- 0 25 1 34 23 12 32 7 31 30 5 24 4 29 3 9 33 27 28 6 10 8 11 37 39 19 44 21 47 26 42 2 41 43 22 40 38 18 17 13 46 36 14 35 15 16 45 20 0 
1855 -- 0 25 20 38 37 18 46 36 35 14 15 16 45 17 13 34 23 12 32 7 31 30 5 6 24 4 29 3 8 11 10 9 33 27 28 2 41 43 42 22 19 44 39 21 40 47 26 1 0 
1854 -- 0 18 17 12 32 7 31 30 5 6 24 4 29 3 10 11 8 9 33 27 28 2 41 43 42 22 19 44 15 35 23 34 13 46 36 14 16 45 39 21 40 47 26 1 25 20 37 38 0 
1803 -- 0 25 20 38 37 18 17 46 36 35 14 13 34 23 12 32 7 31 30 5 6 24 4 29 3 10 11 8 9 33 27 28 2 41 43 42 22 19 44 15 16 45 39 21 40 47 26 1 0 
